aa,C,S,T,P,A,G,N,D,E,Q,H,R,K,M,I,L,V,F,Y,W
C,11.5,0.1,-0.5,-3.1,0.5,-2.0,-1.8,-3.2,-3.0,-2.4,-1.3,-2.2,-2.8,-0.9,-1.1,-1.5,0.0,-0.8,-0.5,-1.0
S,0.1,2.2,1.5,0.4,1.1,0.4,0.9,0.5,0.2,0.2,-0.2,-0.2,0.1,-1.4,-1.8,-2.1,-1.0,-2.8,-1.9,-3.3
T,-0.5,1.5,2.5,0.1,0.6,-1.1,0.5,0.0,-0.1,0.0,-0.3,-0.2,0.1,-0.6,-0.6,-1.3,0.0,-2.2,-1.9,-3.5
P,-3.1,0.4,0.1,7.6,0.3,-1.6,-0.9,-0.7,-0.5,-0.2,-1.1,-0.9,-0.6,-2.4,-2.6,-2.3,-1.8,-3.8,-3.1,-5.0
A,0.5,1.1,0.6,0.3,2.4,0.5,-0.3,-0.3,0.0,-0.2,-0.8,-0.6,-0.4,-0.7,-0.8,-1.2,0.1,-2.3,-2.2,-3.6
G,-2.0,0.4,-1.1,-1.6,0.5,6.6,0.4,0.1,-0.8,-1.0,-1.4,-1.0,-1.1,-3.5,-4.5,-4.4,-3.3,-5.2,-4.0,-4.0
N,-1.8,0.9,0.5,-0.9,-0.3,0.4,3.8,2.2,0.9,0.7,1.2,0.3,0.8,-2.2,-2.8,-3.0,-2.2,-3.1,-1.4,-3.6
D,-3.2,0.5,0.0,-0.7,-0.3,0.1,2.2,4.7,2.7,0.9,0.4,-0.3,0.5,-3.0,-3.8,-4.0,-2.9,-4.5,-2.8,-5.2
E,-3.0,0.2,-0.1,-0.5,0.0,-0.8,0.9,2.7,3.6,1.7,0.4,0.4,1.2,-2.0,-2.7,-2.8,-1.9,-3.9,-2.7,-4.3
Q,-2.4,0.2,0.0,-0.2,-0.2,-1.0,0.7,0.9,1.7,2.7,1.2,1.5,1.5,-1.0,-1.9,-1.6,-1.5,-2.6,-1.7,-2.7
H,-1.3,-0.2,-0.3,-1.1,-0.8,-1.4,1.2,0.4,0.4,1.2,6.0,0.6,0.6,-1.3,-2.2,-1.9,-2.0,-0.1,2.2,-0.8
R,-2.2,-0.2,-0.2,-0.9,-0.6,-1.0,0.3,-0.3,0.4,1.5,0.6,4.7,2.7,-1.7,-2.4,-2.2,-2.0,-3.2,-1.8,-1.6
K,-2.8,0.1,0.1,-0.6,-0.4,-1.1,0.8,0.5,1.2,1.5,0.6,2.7,3.2,-1.4,-2.1,-2.1,-1.7,-3.3,-2.1,-3.5
M,-0.9,-1.4,-0.6,-2.4,-0.7,-3.5,-2.2,-3.0,-2.0,-1.0,-1.3,-1.7,-1.4,4.3,2.5,2.8,1.6,1.6,-0.2,-1.0
I,-1.1,-1.8,-0.6,-2.6,-0.8,-4.5,-2.8,-3.8,-2.7,-1.9,-2.2,-2.4,-2.1,2.5,4.0,2.8,3.1,1.0,-0.7,-1.8
L,-1.5,-2.1,-1.3,-2.3,-1.2,-4.4,-3.0,-4.0,-2.8,-1.6,-1.9,-2.2,-2.1,2.8,2.8,4.0,1.8,2.0,0.0,-0.7
V,0.0,-1.0,0.0,-1.8,0.1,-3.3,-2.2,-2.9,-1.9,-1.5,-2.0,-2.0,-1.7,1.6,3.1,1.8,3.4,0.1,-1.1,-2.6
F,-0.8,-2.8,-2.2,-3.8,-2.3,-5.2,-3.1,-4.5,-3.9,-2.6,-0.1,-3.2,-3.3,1.6,1.0,2.0,0.1,7.0,5.1,3.6
Y,-0.5,-1.9,-1.9,-3.1,-2.2,-4.0,-1.4,-2.8,-2.7,-1.7,2.2,-1.8,-2.1,-0.2,-0.7,0.0,-1.1,5.1,7.8,4.1
W,-1.0,-3.3,-3.5,-5.0,-3.6,-4.0,-3.6,-5.2,-4.3,-2.7,-0.8,-1.6,-3.5,-1.0,-1.8,-0.7,-2.6,3.6,4.1,14.2
